100
6 2 0 2 0 2 0
3 1 0 2 0 0 0
6 2 0 1 1 2 0
4 0 0 2 0 0 2
999 167 166 167 166 167 166
780 7 354 30 4 355 30
951 252 9 215 252 10 213
5 2 0 1 1 1 0
4 2 0 2 0 0 0
1000 334 0 333 0 333 0
7 1 1 2 0 2 1
5 2 0 2 1 0 0
7 2 1 2 1 0 1
998 0 249 250 0 250 249
550 40 173 63 37 176 61
8 2 1 2 1 1 1
5 1 0 3 0 1 0
815 220 137 51 217 140 50
508 63 46 146 60 49 144
542 155 7 111 153 7 109
8 2 1 2 0 2 1
6 2 1 0 1 2 0
999 0 0 499 0 0 500
996 250 0 250 248 0 248
654 128 49 151 128 50 148
999 250 0 250 249 1 249
5 3 0 0 2 0 0
294 0 144 3 0 147 0
6 3 1 0 0 2 0
7 2 1 0 1 2 1
15 3 2 3 2 3 2
999 332 1 332 1 332 1
906 407 0 278 0 221 0
675 45 269 25 42 270 24
7 2 1 0 1 3 0
999 500 0 250 0 249 0
90 48 0 22 0 20 0
8 2 1 1 1 2 1
999 250 0 250 0 499 0
998 166 166 167 166 167 166
997 249 0 249 248 3 248
923 244 211 7 242 213 6
6 3 0 1 0 2 0
965 98 21 365 96 22 363
6 1 0 2 0 2 1
999 499 0 500 0 0 0
7 0 1 2 1 2 1
868 11 386 38 9 387 37
3 1 0 1 0 1 0
664 439 0 129 0 96 0
5 3 0 0 0 2 0
4 2 0 0 1 1 0
4 1 0 3 0 0 0
1000 500 0 500 0 0 0
1000 500 0 1 0 499 0
978 49 417 23 48 420 21
4 0 1 0 0 3 0
7 2 0 2 0 3 0
1000 250 0 250 0 500 0
1000 0 0 501 0 499 0
7 2 0 1 1 3 0
4 2 1 0 1 0 0
8 1 1 2 1 2 1
890 215 9 223 212 11 220
3 2 0 0 1 0 0
256 54 72 4 51 74 1
7 2 0 2 1 0 2
651 249 49 30 246 49 28
4 1 0 1 0 2 0
316 155 0 15 0 146 0
16 3 3 3 2 3 2
5 2 0 0 2 1 0
919 206 124 129 206 125 129
1000 0 500 0 0 500 0
6 0 0 3 0 3 0
902 10 21 421 8 24 418
758 393 0 266 0 99 0
12 3 1 3 1 3 1
5 1 1 0 1 2 0
619 141 155 13 141 158 11
939 66 287 118 63 287 118
954 133 174 170 132 177 168
4 2 0 1 0 1 0
444 60 111 51 59 113 50
999 1 0 499 0 499 0
9 2 0 2 1 3 1
4 2 0 0 2 0 0
14 3 2 3 1 3 2
7 2 0 2 1 2 0
13 3 1 3 2 3 1
999 333 0 333 0 333 0
285 33 0 122 0 130 0
999 0 499 0 0 500 0
3 0 0 0 0 3 0
370 79 101 6 78 101 5
3 1 0 0 2 0 0
1000 250 249 2 249 250 0
777 191 138 60 190 139 59
4 1 0 2 0 1 0
144 11 56 5 10 59 3
